# yamllint disable
end-of-epoch: true
loss: 0.3328211727467451
summary:
  DER: 0.09788946094309275
  F-score: 0.9339464485383552
  FAR: 0.1634873935311337
  FN: 33173.0
  FP: 52957.0
  FRR: 0.05166498203492013
  MCC: 0.797775055278869
  TN: 270964.0
  TP: 608906.0
  precision: 0.9199879733419013
  recall: 0.9483350179650643
  threshold: 0.5
unixtime: 1775709417.2867956
