# yamllint disable
end-of-epoch: true
loss: 0.5805411698404418
summary:
  DER: 0.12103720311662128
  F-score: 0.9201234548991376
  FAR: 0.19430663649469487
  FN: 41358.0
  FP: 62940.0
  FRR: 0.0644126345823479
  MCC: 0.7547033199617604
  TN: 260981.0
  TP: 600721.0
  precision: 0.9051624247921619
  recall: 0.9355873654176365
  threshold: 0.5
unixtime: 1775866767.2196083
