# yamllint disable
end-of-epoch: true
loss: 0.2711998299379979
summary:
  DER: 0.09466718038211257
  F-score: 0.9357773903203289
  FAR: 0.15462103414103578
  FN: 33455.0
  FP: 50085.0
  FRR: 0.05210418032671911
  MCC: 0.8041104693399788
  TN: 273836.0
  TP: 608624.0
  precision: 0.9239649071137493
  recall: 0.9478958196732653
  threshold: 0.5
unixtime: 1775632467.2322888
