# yamllint disable
end-of-epoch: true
loss: 0.2896060897422232
summary:
  DER: 0.10507097163879846
  F-score: 0.9307583054149164
  FAR: 0.20710914080901802
  FN: 24761.0
  FP: 67087.0
  FRR: 0.0385637904370017
  MCC: 0.7836180324176739
  TN: 256834.0
  TP: 617318.0
  precision: 0.9019776302043249
  recall: 0.9614362095629827
  threshold: 0.5
unixtime: 1776035109.6015801
