# yamllint disable
end-of-epoch: true
loss: 0.5789571108896868
summary:
  DER: 0.1198377046804797
  F-score: 0.9204310080073154
  FAR: 0.18276678572861338
  FN: 44173.0
  FP: 59202.0
  FRR: 0.06879683029658237
  MCC: 0.7576122172529683
  TN: 264719.0
  TP: 597906.0
  precision: 0.909905221059538
  recall: 0.931203169703402
  threshold: 0.5
unixtime: 1775865859.677668
