# yamllint disable
end-of-epoch: true
loss: 0.2607466096966717
summary:
  DER: 0.09678752523405972
  F-score: 0.9342399010119431
  FAR: 0.15035456176042458
  FN: 36543.0
  FP: 48703.0
  FRR: 0.05691355736599302
  MCC: 0.8004993838531504
  TN: 275218.0
  TP: 605536.0
  precision: 0.9255577854575938
  recall: 0.9430864426339914
  threshold: 0.5
unixtime: 1775933361.1410599
