# yamllint disable
end-of-epoch: true
loss: 0.21090534384831897
summary:
  DER: 0.07368884363933755
  F-score: 0.9489913367288842
  FAR: 0.12638884172374973
  FN: 25358.0
  FP: 40940.0
  FRR: 0.03949358256538464
  MCC: 0.8447452988637081
  TN: 282981.0
  TP: 616721.0
  precision: 0.9377490834943696
  recall: 0.9605064174345997
  threshold: 0.5
unixtime: 1772604475.5901337
