# yamllint disable
end-of-epoch: true
loss: 0.3710316799519475
summary:
  DER: 0.16443483323629512
  F-score: 0.9004674809946758
  FAR: 0.34389866665019114
  FN: 25017.0
  FP: 111396.0
  FRR: 0.03896249526927311
  MCC: 0.6765878597613746
  TN: 212525.0
  TP: 617062.0
  precision: 0.8470797218233468
  recall: 0.9610375047307113
  threshold: 0.5
unixtime: 1776492232.9137247
