# yamllint disable
end-of-epoch: true
loss: 0.34721458253781673
summary:
  DER: 0.09795060586187306
  F-score: 0.9334136890619628
  FAR: 0.1485948734413592
  FN: 38046.0
  FP: 48133.0
  FRR: 0.0592543908148365
  MCC: 0.7985324003751509
  TN: 275788.0
  TP: 604033.0
  precision: 0.9261951711680626
  recall: 0.9407456091851479
  threshold: 0.5
unixtime: 1775970158.1818845
