# yamllint disable
end-of-epoch: true
loss: 0.3850242440119261
summary:
  DER: 0.13110250879941393
  F-score: 0.9150075453709073
  FAR: 0.22408550232926472
  FN: 39380.0
  FP: 72586.0
  FRR: 0.06133201677675081
  MCC: 0.7355105018187384
  TN: 251335.0
  TP: 602699.0
  precision: 0.892510569611336
  recall: 0.9386679832232336
  threshold: 0.5
unixtime: 1776558659.8073072
