# yamllint disable
end-of-epoch: true
loss: 0.43018909057309795
summary:
  DER: 0.09717369872473323
  F-score: 0.9340018822222566
  FAR: 0.15086703239369628
  FN: 36687.0
  FP: 48869.0
  FRR: 0.057137828834145685
  MCC: 0.7997701957083915
  TN: 275052.0
  TP: 605392.0
  precision: 0.925306567256784
  recall: 0.9428621711658387
  threshold: 0.5
unixtime: 1775572521.773179
