# yamllint disable
end-of-epoch: true
loss: 0.32702894133230864
summary:
  DER: 0.11889991058066829
  F-score: 0.9218034894846215
  FAR: 0.20257717159430222
  FN: 37033.0
  FP: 65619.0
  FRR: 0.057676703334012515
  MCC: 0.7580296687723471
  TN: 258302.0
  TP: 605046.0
  precision: 0.9021583055623761
  recall: 0.9423232966659719
  threshold: 0.5
unixtime: 1776196155.4140742
