# yamllint disable
end-of-epoch: true
loss: 0.3431123344858814
summary:
  DER: 0.09845874639248296
  F-score: 0.9335947026693724
  FAR: 0.1641295254089681
  FN: 33421.0
  FP: 53165.0
  FRR: 0.05205122734118306
  MCC: 0.7967014266486508
  TN: 270756.0
  TP: 608658.0
  precision: 0.919668854059153
  recall: 0.9479487726588014
  threshold: 0.5
unixtime: 1775969846.2579808
