# yamllint disable
end-of-epoch: true
loss: 0.32931313734532386
summary:
  DER: 0.11687146497463202
  F-score: 0.9226158305148584
  FAR: 0.19015130232370886
  FN: 39490.0
  FP: 61594.0
  FRR: 0.061503335259367437
  MCC: 0.7622547338324509
  TN: 262327.0
  TP: 602589.0
  precision: 0.9072635102072636
  recall: 0.938496664740617
  threshold: 0.5
unixtime: 1776203925.3091745
