# yamllint disable
end-of-epoch: true
loss: 0.25875438971460346
summary:
  DER: 0.09673149038543304
  F-score: 0.9343038565188392
  FAR: 0.15117574964265512
  FN: 36232.0
  FP: 48969.0
  FRR: 0.05642919329241329
  MCC: 0.8005478071342317
  TN: 274952.0
  TP: 605847.0
  precision: 0.9252171602404198
  recall: 0.9435708067075711
  threshold: 0.5
unixtime: 1775894625.5192702
