# yamllint disable
end-of-epoch: true
loss: 0.2143057514259146
summary:
  DER: 0.07408758150167591
  F-score: 0.948559508755352
  FAR: 0.12008483550001019
  FN: 27734.0
  FP: 38898.0
  FRR: 0.04319406178990368
  MCC: 0.8442160526512394
  TN: 285023.0
  TP: 614345.0
  precision: 0.9404540117536515
  recall: 0.9568059382100808
  threshold: 0.5
unixtime: 1772609838.4620426
