# yamllint disable
end-of-epoch: true
loss: 0.4266228835937405
summary:
  DER: 0.09847123733801418
  F-score: 0.9337877163658941
  FAR: 0.17024521411084276
  FN: 31450.0
  FP: 55146.0
  FRR: 0.0489815116208434
  MCC: 0.7964372350203468
  TN: 268775.0
  TP: 610629.0
  precision: 0.9171702151627664
  recall: 0.951018488379141
  threshold: 0.5
unixtime: 1775572215.6820633
