# yamllint disable
end-of-epoch: true
loss: 0.27281633198014965
summary:
  DER: 0.09878985245959332
  F-score: 0.9329126097350909
  FAR: 0.15017241858353889
  FN: 38207.0
  FP: 48644.0
  FRR: 0.059505138775757194
  MCC: 0.7969201857228496
  TN: 275277.0
  TP: 603872.0
  precision: 0.9254516364349544
  recall: 0.9404948612242272
  threshold: 0.5
unixtime: 1776028042.9104774
