# yamllint disable
end-of-epoch: true
loss: 0.32946011879719983
summary:
  DER: 0.09740304001090476
  F-score: 0.934237270455553
  FAR: 0.16263224675151772
  FN: 33060.0
  FP: 52680.0
  FRR: 0.05148899123005033
  MCC: 0.7987068491691718
  TN: 271241.0
  TP: 609019.0
  precision: 0.9203867619567065
  recall: 0.9485110087699341
  threshold: 0.5
unixtime: 1775706887.857073
