# yamllint disable
end-of-epoch: true
loss: 0.26857669984013594
summary:
  DER: 0.09528776815274961
  F-score: 0.9351399076337952
  FAR: 0.14755758348485748
  FN: 36243.0
  FP: 47797.0
  FRR: 0.056446325140674956
  MCC: 0.8033876697833505
  TN: 276124.0
  TP: 605836.0
  precision: 0.9268748670890098
  recall: 0.9435536748593094
  threshold: 0.5
unixtime: 1775622222.7636347
